Rank,NOC,Gold,Silver,Bronze,Total,Year
4,China,15,8,9,32,1984
11,China,5,11,12,28,1988
4,China,16,22,16,54,1992
4,China,16,22,12,50,1996
3,China,28,16,14,58,2000
2,China,32,17,14,63,2004
1,China,48,22,30,100,2008
2,China,39,31,22,92,2012
3,China,26,18,26,70,2016
2,China,38,32,19,89,2020
2,China,40,27,24,91,2024
