Rank,NOC,Gold,Silver,Bronze,Total,Year
43,Chinese Taipei,0,0,1,1,1984
49,Chinese Taipei,0,1,0,1,1992
61,Chinese Taipei,0,1,0,1,1996
58,Chinese Taipei,0,1,4,5,2000
31,Chinese Taipei,2,2,1,5,2004
44,Chinese Taipei,1,1,2,4,2008
48,Chinese Taipei,1,0,1,2,2012
50,Chinese Taipei,1,0,2,3,2016
34,Chinese Taipei,2,4,6,12,2020
35,Chinese Taipei,2,0,5,7,2024
