Rank,NOC,Gold,Silver,Bronze,Total,Year
31,Colombia,0,1,2,3,1972
33,Colombia,0,1,0,1,1984
46,Colombia,0,0,1,1,1988
54,Colombia,0,0,1,1,1992
50,Colombia,1,0,0,1,2000
68,Colombia,0,0,2,2,2004
60,Colombia,0,2,1,3,2008
38,Colombia,1,3,5,9,2012
22,Colombia,3,2,3,8,2016
66,Colombia,0,4,1,5,2020
66,Colombia,0,3,1,4,2024
