Rank,NOC,Gold,Silver,Bronze,Total,Year
12,Cuba,1,1,0,2,1900
4,Cuba,3,0,0,3,1904
28,Cuba,0,1,0,1,1948
30,Cuba,0,1,0,1,1964
31,Cuba,0,4,0,4,1968
14,Cuba,3,1,4,8,1972
8,Cuba,6,4,3,13,1976
4,Cuba,8,7,5,20,1980
5,Cuba,14,6,11,31,1992
8,Cuba,9,8,8,25,1996
9,Cuba,11,11,7,29,2000
11,Cuba,9,7,11,27,2004
19,Cuba,3,10,17,30,2008
16,Cuba,5,3,7,15,2012
18,Cuba,5,2,4,11,2016
14,Cuba,7,3,5,15,2020
32,Cuba,2,1,6,9,2024
