Rank,NOC,Gold,Silver,Bronze,Total,Year
21,Ethiopia,1,0,0,1,1960
24,Ethiopia,1,0,0,1,1964
25,Ethiopia,1,1,0,2,1968
41,Ethiopia,0,0,2,2,1972
17,Ethiopia,2,0,2,4,1980
33,Ethiopia,1,0,2,3,1992
34,Ethiopia,2,0,1,3,1996
20,Ethiopia,4,1,3,8,2000
28,Ethiopia,2,3,2,7,2004
17,Ethiopia,4,2,1,7,2008
25,Ethiopia,3,2,3,8,2012
44,Ethiopia,1,2,5,8,2016
56,Ethiopia,1,1,2,4,2020
47,Ethiopia,1,3,0,4,2024
