Rank,NOC,Gold,Silver,Bronze,Total,Year
34,Iran,0,0,1,1,1948
30,Iran,0,3,4,7,1952
14,Iran,2,2,1,5,1956
27,Iran,0,1,3,4,1960
34,Iran,0,0,2,2,1964
19,Iran,2,1,2,5,1968
28,Iran,0,2,1,3,1972
33,Iran,0,1,1,2,1976
36,Iran,0,1,0,1,1988
44,Iran,0,1,2,3,1992
43,Iran,1,1,1,3,1996
27,Iran,3,0,1,4,2000
29,Iran,2,2,2,6,2004
52,Iran,1,0,1,2,2008
12,Iran,7,5,1,13,2012
24,Iran,3,1,4,8,2016
27,Iran,3,2,2,7,2020
21,Iran,3,6,3,12,2024
