Rank,NOC,Gold,Silver,Bronze,Total,Year
24,Ireland,1,0,0,1,1928
16,Ireland,2,0,0,2,1932
34,Ireland,0,1,0,1,1952
21,Ireland,1,1,3,5,1956
35,Ireland,0,0,1,1,1964
31,Ireland,0,1,1,2,1980
33,Ireland,0,1,0,1,1984
32,Ireland,1,1,0,2,1992
28,Ireland,3,0,1,4,1996
64,Ireland,0,1,0,1,2000
64,Ireland,0,1,2,3,2008
41,Ireland,1,1,4,6,2012
63,Ireland,0,2,0,2,2016
39,Ireland,2,0,2,4,2020
19,Ireland,4,0,3,7,2024
