Rank,NOC,Gold,Silver,Bronze,Total,Year
20,Jamaica,1,2,0,3,1948
13,Jamaica,2,3,0,5,1952
39,Jamaica,0,1,0,1,1968
43,Jamaica,0,0,1,1,1972
21,Jamaica,1,1,0,2,1976
34,Jamaica,0,0,3,3,1980
28,Jamaica,0,1,2,3,1984
34,Jamaica,0,2,0,2,1988
38,Jamaica,0,3,1,4,1992
39,Jamaica,1,3,2,6,1996
54,Jamaica,0,6,3,9,2000
35,Jamaica,2,1,2,5,2004
15,Jamaica,5,4,2,11,2008
18,Jamaica,4,5,4,13,2012
16,Jamaica,6,3,2,11,2016
21,Jamaica,4,1,4,9,2020
44,Jamaica,1,3,2,6,2024
