Rank,NOC,Gold,Silver,Bronze,Total,Year
35,Kenya,0,0,1,1,1964
14,Kenya,3,4,2,9,1968
19,Kenya,2,3,4,9,1972
23,Kenya,1,0,2,3,1984
13,Kenya,5,2,2,9,1988
21,Kenya,2,4,2,8,1992
38,Kenya,1,4,3,8,1996
29,Kenya,2,3,2,7,2000
41,Kenya,1,4,2,7,2004
13,Kenya,6,4,6,16,2008
29,Kenya,2,4,7,13,2012
15,Kenya,6,6,1,13,2016
19,Kenya,4,4,2,10,2020
17,Kenya,4,2,5,11,2024
