Rank,NOC,Gold,Silver,Bronze,Total,Year
22,North Korea,1,1,3,5,1972
21,North Korea,1,1,0,2,1976
26,North Korea,0,3,2,5,1980
16,North Korea,4,0,5,9,1992
33,North Korea,2,1,2,5,1996
60,North Korea,0,1,3,4,2000
57,North Korea,0,4,1,5,2004
31,North Korea,2,2,2,6,2008
21,North Korea,4,0,2,6,2012
34,North Korea,2,3,2,7,2016
68,North Korea,0,2,4,6,2024
