Rank,NOC,Gold,Silver,Bronze,Total,Year
37,Thailand,0,0,1,1,1976
33,Thailand,0,1,0,1,1984
46,Thailand,0,0,1,1,1988
54,Thailand,0,0,1,1,1992
47,Thailand,1,0,1,2,1996
47,Thailand,1,0,2,3,2000
25,Thailand,3,1,4,8,2004
31,Thailand,2,2,2,6,2008
59,Thailand,0,2,2,4,2012
35,Thailand,2,2,2,6,2016
59,Thailand,1,0,1,2,2020
44,Thailand,1,3,2,6,2024
