Rank,NOC,Gold,Silver,Bronze,Total,Year
19,Turkey,1,0,1,2,1936
7,Turkey,6,4,2,12,1948
16,Turkey,2,0,1,3,1952
12,Turkey,3,2,2,7,1956
6,Turkey,7,2,0,9,1960
16,Turkey,2,3,1,6,1964
21,Turkey,2,0,0,2,1968
33,Turkey,0,1,0,1,1972
40,Turkey,0,0,3,3,1984
27,Turkey,1,1,0,2,1988
23,Turkey,2,2,2,6,1992
19,Turkey,4,1,1,6,1996
26,Turkey,3,0,2,5,2000
22,Turkey,3,3,4,10,2004
42,Turkey,1,1,3,5,2008
46,Turkey,1,1,1,3,2012
41,Turkey,1,3,4,8,2016
35,Turkey,2,2,9,13,2020
64,Turkey,0,3,5,8,2024
