Rank,NOC,Gold,Silver,Bronze,Total,Year
14,Yugoslavia,2,0,0,2,1924
21,Yugoslavia,1,1,3,5,1928
25,Yugoslavia,0,1,0,1,1936
24,Yugoslavia,0,2,0,2,1948
21,Yugoslavia,1,2,0,3,1952
26,Yugoslavia,0,3,0,3,1956
18,Yugoslavia,1,1,0,2,1960
19,Yugoslavia,2,1,2,5,1964
16,Yugoslavia,3,3,2,8,1968
20,Yugoslavia,2,1,2,5,1972
16,Yugoslavia,2,3,3,8,1976
14,Yugoslavia,2,3,4,9,1980
9,Yugoslavia,7,4,7,18,1984
16,Yugoslavia,3,4,5,12,1988
